
SYMMETRICAL COMPONENT VOLTAGES BY BUS (for 3-phase buses)

Bus        Mag:   V1 (kV)    p.u.     V2 (kV)   %V2/V1    V0 (kV)    %V0/V1

sourcebus      66.4          1   0.001247   0.001878 4.32E-009 6.506E-009
650           2.402          1  5.958E-005   0.002481    1E-005 0.0004165
rg60          2.497      1.039   0.009929     0.3977  0.009982    0.3998
633           2.435      1.014     0.0107     0.4392   0.01873    0.7692
634          0.2766     0.9982   0.001432     0.5177   0.00242    0.8746
671           2.409      1.003    0.03433      1.425   0.05989     2.486
645           2.447      1.019          0          0         0         0
646           2.444      1.018          0          0         0         0
692           2.409      1.003    0.03433      1.425   0.05989     2.486
675           2.406      1.002    0.03671      1.526   0.06385     2.654
611           2.352     0.9792          0          0         0         0
652           2.367     0.9856          0          0         0         0
670           2.429      1.011    0.01866     0.7685   0.03183     1.311
632            2.44      1.016    0.01068     0.4377   0.01805    0.7398
680           2.409      1.003    0.03433      1.425   0.05989     2.486
684           2.377     0.9899          0          0         0         0
